Alpha:0.330877,-1;0.315196,-0.816947;0.271025,-0.639849;0.211615,-0.46449;0.143592,-0.291786;0.0725078,-0.12035;-0.0157069,0.0417915;-0.131453,0.183673;-0.28231,0.280646;-0.411375,0.23327;-0.397634,0.0525931;-0.296447,-0.0643446;-0.200684,0.0679392;-0.10085,0.214818;0.0437091,0.309557;0.219605,0.296327;0.36214,0.186657;0.46624,0.0360546;0.5368,-0.133264;0.581779,-0.31002;
Alpha:0.496444,-1;0.461099,-0.786379;0.391128,-0.575436;0.293234,-0.372517;0.168041,-0.186687;0.0246368,-0.0147586;-0.143673,0.132158;-0.335239,0.245283;-0.537555,0.252158;-0.57321,0.060106;-0.461418,-0.120579;-0.296857,-0.244111;-0.198042,-0.0828739;-0.116824,0.119368;-0.00978401,0.312184;0.147835,0.455541;0.364617,0.468992;0.560809,0.376196;0.709517,0.213133;0.810209,0.0126059;
Alpha:0.304162,-0.860525;0.281159,-0.668164;0.235153,-0.479536;0.161285,-0.297845;0.0641479,-0.128982;-0.0633867,0.0188382;-0.224925,0.12862;-0.404738,0.181917;-0.518192,0.0799252;-0.489606,-0.101261;-0.354973,-0.204942;-0.235548,-0.0767094;-0.139097,0.0931905;-0.0231645,0.250296;0.13203,0.352878;0.326082,0.352878;0.507224,0.295371;0.68697,0.227608;0.856263,0.128585;1,-0.00366668;
Alpha:0.629953,-1;0.623176,-0.808581;0.589292,-0.62256;0.541923,-0.437728;0.461419,-0.263986;0.354288,-0.105347;0.229055,0.0379205;0.0871355,0.166287;-0.0706423,0.271248;-0.243617,0.355367;-0.42743,0.389252;-0.495002,0.239985;-0.472787,0.0534177;-0.397172,-0.115189;-0.241746,-0.159672;-0.118634,-0.0204936;-0.0137253,0.138751;0.0935549,0.293348;0.258169,0.340872;0.37921,0.206277;
Beta:-0.680088,1;-0.617364,0.830357;-0.571836,0.644265;-0.538669,0.456701;-0.515691,0.264625;-0.485637,0.0742195;-0.444088,-0.114582;-0.368425,-0.295068;-0.25005,-0.448017;-0.0904872,-0.546771;0.100754,-0.573288;0.29042,-0.546771;0.449821,-0.45099;0.504297,-0.281232;0.407932,-0.14903;0.309845,-0.067294;0.276576,0.0896145;0.152558,0.204518;5.82706e-05,0.27566;-0.0878959,0.39013;
Beta:-0.537738,1;-0.549567,0.759858;-0.549567,0.507886;-0.561397,0.260815;-0.561397,0.0088433;-0.523909,-0.234279;-0.449199,-0.466506;-0.3188,-0.673981;-0.123142,-0.809932;0.121137,-0.833592;0.343024,-0.750784;0.432291,-0.553432;0.349484,-0.34962;0.281714,-0.179755;0.432291,-0.0386619;0.372149,0.160097;0.274453,0.365254;0.188295,0.581538;0.0356634,0.704259;-0.13553,0.609622;
Beta:-0.345341,0.958375;-0.355527,0.877657;-0.339395,0.709745;-0.32272,0.539671;-0.309663,0.368468;-0.29777,0.197618;-0.291824,0.0258026;-0.285877,-0.146245;-0.259178,-0.314039;-0.177107,-0.460712;-0.0414011,-0.55235;0.124784,-0.563907;0.237255,-0.468764;0.207845,-0.320274;0.106586,-0.217304;0.157767,-0.120262;0.207675,0.0179124;0.171997,0.175914;0.0883853,0.310578;0.0173898,0.446984;
Beta:-0.206863,1;-0.217476,0.840943;-0.243044,0.683526;-0.265237,0.524528;-0.291771,0.366164;-0.3189,0.207505;-0.346971,0.0489989;-0.366066,-0.110572;-0.351471,-0.270972;-0.27982,-0.412937;-0.14477,-0.49306;0.0153642,-0.507121;0.174114,-0.491201;0.26544,-0.40171;0.180531,-0.304513;0.228292,-0.182603;0.244212,-0.0288534;0.204731,0.11377;0.111543,0.208905;0.000101219,0.288893;
Gamma:-0.872929,-0.544107;-0.641462,-0.35506;-0.420655,-0.151221;-0.205579,0.063855;-0.00907215,0.292777;0.138075,0.553135;0.196068,0.842097;0.005078,1;-0.239307,0.853085;-0.363883,0.585408;-0.39782,0.289256;-0.380244,-0.0114294;-0.316452,-0.304615;-0.185954,-0.569441;0.00941735,-0.743014;0.060322,-0.464906;0.179099,-0.216859;0.428278,-0.250303;0.638811,-0.452352;0.823891,-0.679852;
Gamma:-0.329643,-0.824905;-0.267462,-0.587243;-0.147214,-0.358193;-0.0425669,-0.0979707;0.0281989,0.172228;0.0523142,0.453241;-0.00710129,0.722629;-0.173838,0.94605;-0.41903,0.970028;-0.516377,0.723912;-0.516377,0.442994;-0.450558,0.172353;-0.333237,-0.0828606;-0.148766,-0.29148;0.0772863,-0.442948;0.188121,-0.350824;0.31506,-0.163226;0.56874,-0.220924;0.786342,-0.389809;0.994474,-0.578755;
Delta:0.526981,-0.939161;0.362615,-1;0.152192,-0.972864;0.00550158,-0.833876;-0.064029,-0.633272;-0.0814117,-0.41662;-0.0525889,-0.200843;0.00550158,0.00890243;0.0667601,0.217624;0.136053,0.425923;0.207338,0.631085;0.274066,0.833003;0.190921,0.88892;0.014173,0.773011;-0.145931,0.630289;-0.293704,0.473825;-0.402991,0.29743;-0.394447,0.095255;-0.238366,-0.0347521;-0.0987943,-0.130867;
Delta:0.252936,-0.993283;0.161357,-0.877291;0.112145,-0.711702;0.0984544,-0.536035;0.101935,-0.358197;0.125321,-0.18359;0.151215,-0.00886248;0.172337,0.166113;0.179053,0.343426;0.16037,0.516483;0.0802996,0.652281;-0.0546411,0.579785;-0.167027,0.443714;-0.273535,0.307158;-0.344841,0.162226;-0.303545,0.00649223;-0.15969,-0.0769135;-0.0291608,-0.138298;0.136087,-0.136227;0.306669,-0.140277;
Delta:0.761577,-0.966541;0.560571,-1;0.355616,-0.983271;0.166544,-0.905833;0.0351838,-0.748871;-0.0163349,-0.548683;-0.0246996,-0.340809;-0.0163349,-0.132733;0.00457668,0.0738994;0.0429123,0.278387;0.0990186,0.479469;0.138411,0.680747;0.00766128,0.777486;-0.165702,0.669144;-0.311176,0.521338;-0.42615,0.351047;-0.428629,0.160929;-0.272672,0.0336407;-0.0839069,-0.0332292;0.0840408,-0.0966189;
Epsilon:0.797486,-0.98272;0.531185,-1;0.261244,-0.939519;0.00950122,-0.817691;-0.19659,-0.628244;-0.360403,-0.403612;-0.420775,-0.1389;-0.234935,0.0476571;0.0325839,0.11458;0.313361,0.13186;0.555562,0.0976375;0.274359,0.0886591;0.0043385,0.156907;-0.243902,0.286026;-0.457359,0.464232;-0.559018,0.707979;-0.362119,0.882641;-0.0937265,0.952249;0.186981,0.969955;0.46916,0.961314;
Epsilon:0.720933,-0.845896;0.497565,-0.852154;0.288992,-0.770715;0.0904719,-0.659702;-0.0960102,-0.534413;-0.178291,-0.351572;0.010396,-0.259445;0.222987,-0.213912;0.0392626,-0.188882;-0.176093,-0.131449;-0.364844,-0.0104105;-0.492979,0.173231;-0.530522,0.393282;-0.461094,0.606689;-0.322557,0.783947;-0.139168,0.9141;0.0753429,0.980865;0.300228,1;0.525701,0.981647;0.745962,0.93117;
Epsilon:0.763257,-0.975613;0.486825,-0.991871;0.213091,-0.91145;-0.0512305,-0.774039;-0.272735,-0.581812;-0.423576,-0.330387;-0.423576,-0.0453733;-0.192937,0.123315;0.101087,0.146188;0.324291,0.0213191;0.0928286,-0.0814236;-0.185483,-0.00248564;-0.410023,0.184113;-0.504866,0.451011;-0.406891,0.715645;-0.172451,0.889555;0.10924,0.967217;0.406745,0.975346;0.698572,0.926572;0.990869,0.869669;
