Alpha:0.299511,-1;0.294356,-0.817793;0.268583,-0.638014;0.21384,-0.464636;0.13802,-0.299032;0.0467012,-0.141404;-0.0523934,0.0123924;-0.171631,0.151554;-0.310617,0.269921;-0.475625,0.329897;-0.509767,0.191257;-0.41235,0.0417575;-0.250769,-0.0309278;-0.0705181,-0.027798;0.0764247,0.0641369;0.196343,0.198416;0.328274,0.322578;0.488751,0.406476;0.67055,0.414972;0.845903,0.365979;
Beta:-1,0.708367;-1,0.465184;-1,0.222001;-0.99333,-0.0196068;-0.931965,-0.248099;-0.770232,-0.421836;-0.548292,-0.509384;-0.311213,-0.545572;-0.0688513,-0.552241;0.172589,-0.538902;0.409835,-0.504308;0.634122,-0.444765;0.627452,-0.236551;0.694696,-0.0175596;0.834218,0.167392;0.691447,0.282846;0.452177,0.301504;0.218722,0.34339;0.00100884,0.434639;-0.219623,0.494931;
Gamma:-1,-0.611793;-0.785443,-0.462186;-0.571103,-0.304762;-0.352698,-0.153769;-0.141164,0.00854181;0.0692008,0.1719;0.270404,0.343821;0.436454,0.546474;0.362428,0.742538;0.106416,0.71375;-0.130124,0.594836;-0.337953,0.430931;-0.428985,0.189331;-0.357501,-0.0592946;-0.205457,-0.268213;-0.0236492,-0.453434;0.0981058,-0.367701;0.250012,-0.209154;0.472816,-0.326962;0.6618,-0.501982;
Delta:1,-0.642355;0.805861,-0.775036;0.57663,-0.844936;0.337226,-0.888188;0.0909167,-0.89587;-0.142139,-0.836933;-0.286535,-0.650532;-0.304875,-0.40855;-0.223562,-0.177895;-0.0985413,0.0337597;0.0495043,0.22785;0.215264,0.408974;0.370053,0.596693;0.290603,0.717409;0.0588219,0.65398;-0.173549,0.580047;-0.41109,0.530417;-0.58255,0.412514;-0.465913,0.239704;-0.305988,0.102826;
Epsilon:0.941269,-0.793803;0.747903,-0.877705;0.49377,-0.886095;0.251587,-0.81813;0.0198515,-0.710652;-0.199335,-0.580083;-0.403411,-0.427704;-0.535401,-0.228375;-0.410427,-0.0554683;-0.177091,-0.00512732;-0.388767,0.0200432;-0.588632,0.151536;-0.642652,0.384463;-0.474025,0.568048;-0.244479,0.681499;-0.000337609,0.749034;0.249451,0.790026;0.504627,0.800329;0.75876,0.791939;1,0.741598;
Alpha:0.648897,-0.965191;0.582034,-0.728198;0.453488,-0.502087;0.301994,-0.292038;0.129566,-0.0947563;-0.0502824,0.0954183;-0.25024,0.264154;-0.467521,0.408816;-0.697297,0.521833;-0.848453,0.4597;-0.73533,0.233628;-0.570127,0.0374674;-0.360517,-0.110675;-0.156574,-0.231362;0.00865105,-0.109863;0.122693,0.0885671;0.315446,0.20171;0.568268,0.191383;0.796667,0.0881176;1,-0.0667806;
Beta:-0.672235,1;-0.683382,0.732497;-0.681342,0.460857;-0.64901,0.195547;-0.583058,-0.0578558;-0.460062,-0.293821;-0.286249,-0.496536;-0.0495604,-0.616334;0.211048,-0.672069;0.475274,-0.705511;0.55769,-0.653516;0.353564,-0.505126;0.194027,-0.312147;0.230683,-0.0840758;0.440767,0.0301998;0.486893,0.163965;0.258241,0.253142;0.0316315,0.363017;-0.195641,0.476085;-0.449292,0.520673;
Gamma:-0.484603,-0.740255;-0.258285,-0.568119;-0.053213,-0.341374;0.108496,-0.0850463;0.194494,0.195315;0.187261,0.495174;0.0235795,0.734646;-0.245552,0.852714;-0.545881,0.845619;-0.77317,0.672511;-0.809699,0.382444;-0.654303,0.122982;-0.423019,-0.075792;-0.168474,-0.248128;0.0680594,-0.428275;0.208934,-0.448245;0.333372,-0.214865;0.623413,-0.165919;0.852167,-0.321509;1,-0.545197;
Delta:0.694106,-0.922835;0.482131,-1;0.240095,-0.965908;0.042347,-0.830526;-0.0679034,-0.619236;-0.0871948,-0.371988;-0.0389664,-0.131571;0.0752187,0.0883993;0.239405,0.277377;0.4291,0.432635;0.497621,0.591538;0.262359,0.639767;0.0133924,0.659058;-0.236286,0.639767;-0.46128,0.562601;-0.599399,0.388979;-0.565681,0.172976;-0.364119,0.0706711;-0.139125,-0.0064944;-0.000383635,-0.160825;
Epsilon:0.785985,-0.966611;0.510499,-0.961557;0.239476,-0.834607;-0.034055,-0.702121;-0.292531,-0.547261;-0.535408,-0.372868;-0.595571,-0.105294;-0.343836,0.0435381;-0.0482381,0.0949016;0.256832,0.103462;0.307319,0.00929571;0.00919502,0.021025;-0.268049,0.125405;-0.506664,0.300975;-0.447692,0.564782;-0.195047,0.730103;0.0939713,0.814688;0.391123,0.856794;0.69354,0.873915;1,0.873915;
Alpha:0.58225,-1;0.531627,-0.800397;0.447181,-0.60068;0.363468,-0.396615;0.273816,-0.195756;0.173133,0.000369265;0.0545867,0.185906;-0.0901912,0.353382;-0.258862,0.493073;-0.448432,0.581296;-0.598047,0.484678;-0.583833,0.272925;-0.482886,0.0861618;-0.341568,-0.0829843;-0.157833,-0.182871;0.0523552,-0.182871;0.185048,-0.061815;0.266077,0.119769;0.429034,0.210561;0.635212,0.157599;
Beta:-1,0.970912;-1,0.667255;-0.988425,0.366331;-0.942126,0.0736046;-0.841321,-0.202985;-0.675647,-0.453052;-0.428511,-0.622791;-0.143984,-0.707441;0.154038,-0.742166;0.454962,-0.753741;0.700744,-0.695867;0.629798,-0.427389;0.625558,-0.174998;0.85134,-0.0361001;0.693471,0.0796484;0.452526,0.236026;0.210049,0.394824;-0.049743,0.519493;-0.323962,0.600517;-0.606455,0.635241;
Gamma:-0.842809,-0.834959;-0.632806,-0.593655;-0.396287,-0.366629;-0.155293,-0.136539;0.0853559,0.0932056;0.314091,0.322996;0.422078,0.617777;0.205987,0.822478;-0.120161,0.855191;-0.444366,0.822478;-0.736948,0.699351;-0.818663,0.416686;-0.631507,0.1532;-0.373872,-0.0535292;-0.101384,-0.238823;0.150917,-0.44313;0.390523,-0.66165;0.552928,-0.765277;0.72033,-0.573258;1,-0.704109;
Delta:0.818683,-0.512918;0.720037,-0.767016;0.488792,-0.921405;0.216079,-1;-0.063555,-0.958546;-0.2991,-0.806033;-0.383476,-0.54207;-0.311569,-0.265469;-0.168301,-0.0100239;0.00623851,0.221924;0.193213,0.443554;0.376914,0.66201;0.40752,0.855056;0.128048,0.805097;-0.149466,0.751422;-0.414007,0.669073;-0.538928,0.444071;-0.435293,0.210251;-0.240656,0.0674345;-0.0518461,-0.0569268;
Epsilon:0.720104,-0.946535;0.467343,-0.938683;0.217684,-0.879007;-0.0259785,-0.78779;-0.26398,-0.677536;-0.494346,-0.553606;-0.671168,-0.37692;-0.672891,-0.135348;-0.499824,0.0423367;-0.265031,0.148433;-0.0110668,0.190543;0.246505,0.190543;0.068137,0.155556;-0.149583,0.273022;-0.189559,0.500108;-0.00707873,0.662867;0.229002,0.7674;0.481868,0.811562;0.743709,0.820309;1,0.785322;
Alpha:0.18736,-0.793224;0.166621,-0.606395;0.133536,-0.421303;0.0816511,-0.238699;0.00462811,-0.0643837;-0.102234,0.0909854;-0.227741,0.229706;-0.388131,0.316723;-0.473322,0.193532;-0.421833,0.0207809;-0.323357,-0.125934;-0.174435,-0.185396;-0.0636991,-0.0633512;0.019682,0.0961902;0.138939,0.223141;0.310868,0.277082;0.501056,0.265585;0.679253,0.206217;0.846316,0.113063;1,-0.0004045;
Beta:-1,0.642482;-0.973324,0.41573;-0.928407,0.188075;-0.842446,-0.0283075;-0.714159,-0.23153;-0.536847,-0.389377;-0.326466,-0.503837;-0.0951241,-0.570753;0.142946,-0.602403;0.381758,-0.620187;0.613778,-0.620187;0.564998,-0.421631;0.421409,-0.236513;0.400067,-0.0204029;0.532019,0.147117;0.513058,0.304585;0.308405,0.384613;0.0796667,0.431654;-0.150805,0.464642;-0.386449,0.464642;
Gamma:-0.781576,-0.775601;-0.575311,-0.534031;-0.34897,-0.298006;-0.118783,-0.0678194;0.11656,0.156077;0.341632,0.383598;0.487122,0.659403;0.265521,0.808022;-0.0519115,0.763033;-0.350148,0.641327;-0.624972,0.473384;-0.745584,0.196706;-0.611464,-0.0900684;-0.368412,-0.302845;-0.109155,-0.494249;0.0623183,-0.498572;0.215344,-0.237572;0.514421,-0.163747;0.793001,-0.298666;1,-0.541657;
Delta:0.855924,-0.775003;0.716603,-0.937597;0.481145,-1;0.234397,-0.970653;0.0143772,-0.872573;-0.175844,-0.707089;-0.278203,-0.482806;-0.298407,-0.232157;-0.216705,0.00469516;-0.0799552,0.217881;0.0888482,0.40463;0.271611,0.57761;0.371431,0.760842;0.122941,0.731495;-0.125549,0.702148;-0.357101,0.647887;-0.513621,0.507133;-0.447013,0.330414;-0.240155,0.222807;-0.0636275,0.124983;
Epsilon:0.615245,-0.973407;0.3771,-0.919742;0.133686,-0.856492;-0.101899,-0.757194;-0.313821,-0.612757;-0.499852,-0.438943;-0.63136,-0.222378;-0.556026,-0.000786179;-0.32157,0.0917433;-0.0675703,0.119297;0.189901,0.112658;0.19884,0.0500407;-0.0310739,0.126957;-0.22352,0.277456;-0.213168,0.491318;-0.00850182,0.634868;0.231892,0.696429;0.489114,0.704124;0.745655,0.688733;1,0.657953;
Alpha:0.34645,-0.848224;0.280462,-0.655609;0.20111,-0.459366;0.129308,-0.256375;0.0387199,-0.0597858;-0.0855112,0.11601;-0.235146,0.272382;-0.409118,0.399191;-0.605011,0.472351;-0.637243,0.271;-0.583342,0.0719312;-0.459185,-0.0964905;-0.282449,-0.201412;-0.105725,-0.13479;0.0390894,0.00328677;0.213676,0.110498;0.405742,0.175222;0.613415,0.202846;0.824483,0.179433;1,0.0613554;
Beta:-1,0.540572;-1,0.230503;-0.948889,-0.058394;-0.82111,-0.317811;-0.603879,-0.519997;-0.334688,-0.654589;-0.0371487,-0.711657;0.266887,-0.737213;0.576955,-0.737213;0.865565,-0.700784;0.70123,-0.496211;0.48223,-0.28434;0.380007,-0.0240993;0.586035,0.133263;0.630026,0.328886;0.422911,0.523223;0.158558,0.655572;-0.130041,0.718395;-0.439668,0.719461;-0.654998,0.617239;
Gamma:-0.428547,-0.761237;-0.266994,-0.513815;-0.0562875,-0.27969;0.173022,-0.0659925;0.38659,0.16483;0.523818,0.43702;0.334715,0.640864;0.0245399,0.675116;-0.290645,0.666657;-0.599693,0.620473;-0.887739,0.512563;-0.901235,0.234471;-0.68072,0.013955;-0.417331,-0.155758;-0.152236,-0.319371;0.110766,-0.480212;0.22115,-0.283278;0.471626,-0.167961;0.765585,-0.24591;1,-0.448986;
Delta:0.849414,-0.935028;0.60904,-1;0.335448,-0.98028;0.0749794,-0.909798;-0.137928,-0.751719;-0.180859,-0.488652;-0.0778222,-0.237022;0.0707689,-0.00583251;0.250064,0.201308;0.438347,0.398873;0.570962,0.61619;0.357753,0.726134;0.0797036,0.726404;-0.196267,0.717123;-0.462783,0.666463;-0.706026,0.551998;-0.708038,0.343972;-0.487842,0.188063;-0.282958,0.0315751;-0.0601964,-0.0346986;
Epsilon:1,-0.826397;0.77377,-0.824803;0.548048,-0.756986;0.320286,-0.681511;0.0940823,-0.597034;-0.120451,-0.487859;-0.320054,-0.357238;-0.505469,-0.205859;-0.633718,-0.0132315;-0.498629,0.143096;-0.264137,0.183996;-0.0237137,0.194677;0.0365887,0.167448;-0.196504,0.200706;-0.368239,0.341936;-0.273656,0.547213;-0.0634627,0.650756;0.16774,0.698406;0.408792,0.705213;0.646028,0.677985;
Alpha:0.493641,-0.934531;0.443579,-0.739463;0.3694,-0.540469;0.264759,-0.353851;0.14871,-0.172917;0.0148833,-0.00435584;-0.128421,0.155322;-0.291422,0.293528;-0.48255,0.382002;-0.563382,0.255554;-0.481597,0.0665229;-0.342477,-0.0892316;-0.177284,-0.126761;-0.0838693,0.0561426;0.0297638,0.234598;0.20897,0.331366;0.422749,0.331789;0.630806,0.285644;0.824618,0.195108;1,0.0718571;
Beta:-1,0.910763;-0.977854,0.64087;-0.966781,0.364419;-0.944635,0.0905814;-0.880673,-0.169439;-0.739052,-0.40212;-0.536995,-0.588599;-0.296405,-0.711585;-0.0338974,-0.783407;0.240757,-0.805553;0.519823,-0.805553;0.479416,-0.601873;0.361979,-0.369479;0.34575,-0.102037;0.492102,0.113506;0.671909,0.279602;0.643952,0.467843;0.389719,0.512135;0.133587,0.5675;-0.0698677,0.656084;
Gamma:-0.847894,-0.82158;-0.643933,-0.548057;-0.399733,-0.286968;-0.147172,-0.0344063;0.105239,0.218004;0.31567,0.500553;0.346787,0.825821;0.0301147,0.929056;-0.328121,0.91825;-0.669897,0.834346;-0.94117,0.630459;-0.87503,0.299644;-0.631031,0.0421968;-0.352779,-0.182683;-0.0671575,-0.392;0.228205,-0.592375;0.510523,-0.796778;0.643389,-0.724369;0.702398,-0.395153;1,-0.378518;
Delta:0.609668,-0.853483;0.465154,-0.970697;0.23273,-1;0.0466905,-0.886341;-0.0447739,-0.672704;-0.0740773,-0.436079;-0.0643095,-0.193822;-0.0154706,0.0413727;0.0540375,0.273214;0.124285,0.503493;0.170118,0.735995;0.00451031,0.807487;-0.218221,0.730087;-0.427263,0.631222;-0.542932,0.473719;-0.428439,0.282303;-0.23139,0.163396;-0.0431385,0.0646897;0.16975,0.0158507;0.394777,-0.00368486;
Epsilon:0.836556,-0.945697;0.606931,-0.992242;0.366698,-0.986163;0.138504,-0.909539;-0.0679238,-0.785947;-0.256473,-0.636185;-0.409176,-0.451175;-0.482235,-0.224234;-0.402002,-0.00947174;-0.197246,0.116413;0.0338969,0.179154;0.246978,0.168037;0.0131718,0.148663;-0.196369,0.250137;-0.303811,0.445847;-0.175466,0.621337;0.0437801,0.694284;0.283471,0.721612;0.528159,0.722186;0.766737,0.691155;
Alpha:0.734639,-0.911706;0.639914,-0.699511;0.516726,-0.483463;0.369484,-0.28119;0.208595,-0.0890065;0.0379718,0.0935703;-0.157357,0.252;-0.368706,0.386769;-0.60382,0.45301;-0.698313,0.269702;-0.611218,0.0474811;-0.444072,-0.131289;-0.224948,-0.242369;-0.0159553,-0.248935;0.037117,-0.0153234;0.104142,0.215554;0.280708,0.373889;0.528012,0.399938;0.772588,0.346852;1,0.240721;
Beta:-1,0.281676;-0.94013,0.0842011;-0.816517,-0.0983855;-0.653589,-0.241656;-0.49066,-0.384927;-0.288342,-0.496797;-0.0595647,-0.546184;0.176428,-0.563613;0.415975,-0.563613;0.648845,-0.535334;0.798695,-0.415926;0.691637,-0.230489;0.502524,-0.0918237;0.32891,0.0437781;0.326906,0.240794;0.425196,0.405082;0.248005,0.507741;0.0268802,0.552215;-0.198518,0.586373;-0.429922,0.606031;
Gamma:-1,-0.870721;-0.740328,-0.677635;-0.486511,-0.444062;-0.222316,-0.219535;0.03716,0.0107481;0.265089,0.267968;0.400692,0.578096;0.306068,0.871075;-0.0256021,0.919729;-0.357482,0.846894;-0.639829,0.666866;-0.698348,0.343876;-0.533636,0.0453849;-0.284919,-0.194311;-0.0252481,-0.419084;0.22653,-0.647376;0.294183,-0.524073;0.403986,-0.215998;0.709069,-0.187804;0.975333,-0.393916;
Delta:0.693571,-0.934381;0.480538,-1;0.218359,-1;-0.0106476,-0.895725;-0.117675,-0.676208;-0.100424,-0.422569;0.0120748,-0.188198;0.155122,0.0270281;0.313569,0.232345;0.481093,0.427992;0.559479,0.631096;0.301184,0.64047;0.0457007,0.611996;-0.210588,0.584225;-0.466041,0.552805;-0.68819,0.46797;-0.591951,0.285522;-0.371253,0.177314;-0.169493,0.0499009;0.0280091,-0.0532144;
Epsilon:0.529139,-0.457012;0.410523,-0.555565;0.229473,-0.57199;0.0479829,-0.555783;-0.119634,-0.483485;-0.273902,-0.387638;-0.418672,-0.280581;-0.467913,-0.123608;-0.321846,-0.0201722;-0.159682,0.0521748;-0.238855,0.123351;-0.359154,0.223226;-0.244842,0.327675;-0.0725789,0.37548;0.103851,0.408058;0.282801,0.429959;0.462559,0.451859;0.644093,0.462809;0.825509,0.446146;1,0.391633;
Alpha:0.616678,-0.900498;0.527918,-0.699385;0.42239,-0.493409;0.294544,-0.298335;0.150082,-0.116669;-0.00786197,0.0544922;-0.175392,0.215413;-0.355393,0.362369;-0.547316,0.487394;-0.658861,0.376382;-0.600947,0.160078;-0.468029,-0.0198411;-0.28412,-0.155998;-0.0734967,-0.232988;0.0576629,-0.0980568;0.141989,0.105231;0.32913,0.234572;0.551223,0.289124;0.783036,0.281948;1,0.203207;
Beta:-0.74221,0.940027;-0.74221,0.657151;-0.74221,0.374275;-0.71034,0.0989223;-0.667847,-0.17203;-0.604108,-0.436074;-0.45613,-0.663333;-0.206873,-0.749066;0.0690951,-0.72782;0.290507,-0.600341;0.277525,-0.355912;0.35444,-0.119839;0.575499,0.0476758;0.815818,0.175155;0.973324,0.302633;0.701071,0.313257;0.423211,0.334503;0.155249,0.401;-0.102379,0.503256;-0.327904,0.62133;
Gamma:-0.900417,-0.572431;-0.639606,-0.458131;-0.376214,-0.322017;-0.115122,-0.177743;0.136639,-0.0136403;0.360991,0.178809;0.44169,0.444878;0.184206,0.580333;-0.112405,0.611303;-0.414545,0.611303;-0.696322,0.532167;-0.784956,0.283749;-0.593886,0.0631933;-0.344284,-0.0974947;-0.0802697,-0.237638;0.180318,-0.371116;0.299422,-0.219481;0.523297,-0.097327;0.788639,-0.200018;1,-0.403326;
Delta:0.764008,-0.979443;0.518209,-1;0.271174,-0.969164;0.0376938,-0.888669;-0.155823,-0.738;-0.222737,-0.509572;-0.171378,-0.270286;-0.0425335,-0.0537122;0.111906,0.142102;0.289145,0.319776;0.459281,0.494028;0.461677,0.638548;0.214118,0.654854;-0.0377697,0.644575;-0.287231,0.624018;-0.52301,0.570431;-0.603046,0.361311;-0.448231,0.171124;-0.240435,0.0455569;-0.0377228,-0.0543693;
Epsilon:0.917114,-1;0.659573,-0.917195;0.403425,-0.791998;0.143195,-0.677392;-0.10817,-0.549369;-0.344469,-0.391126;-0.507814,-0.171177;-0.37219,0.0296255;-0.0985769,0.084784;0.186168,0.093977;0.467105,0.0755909;0.33399,0.0204324;0.0550772,0.0572047;-0.21289,0.148887;-0.466639,0.268646;-0.544586,0.505464;-0.340417,0.683295;-0.0722745,0.755879;0.210979,0.774265;0.494232,0.755879;
Alpha:0.482982,-0.793447;0.426878,-0.534751;0.327575,-0.267209;0.192935,-0.0136981;0.0261571,0.219235;-0.18774,0.411527;-0.437542,0.553175;-0.716442,0.602501;-0.852647,0.423757;-0.770033,0.152912;-0.602658,-0.0783361;-0.405333,-0.284278;-0.192445,-0.471316;-0.0598866,-0.423463;0.000432119,-0.14889;0.134635,0.099049;0.350496,0.273441;0.620212,0.275698;0.835376,0.0959046;1,-0.129941;
Beta:-1,0.669146;-0.988609,0.401066;-0.970873,0.132454;-0.931292,-0.128971;-0.817738,-0.364817;-0.631849,-0.55336;-0.389318,-0.667117;-0.124776,-0.709214;0.148023,-0.709214;0.416676,-0.688847;0.675781,-0.639621;0.695113,-0.445005;0.53784,-0.237352;0.469491,0.00249247;0.526448,0.247055;0.65643,0.445995;0.446143,0.521058;0.176033,0.509667;-0.0877264,0.531488;-0.236776,0.532449;
Gamma:-0.684297,-0.862775;-0.466678,-0.688622;-0.255442,-0.455653;-0.0487568,-0.216369;0.138181,0.0357678;0.23935,0.332867;0.204027,0.642239;-0.012553,0.864987;-0.317437,0.919319;-0.601289,0.808693;-0.716896,0.54112;-0.625007,0.246551;-0.424788,0.00739616;-0.174902,-0.187729;0.0850386,-0.371605;0.337549,-0.564149;0.434946,-0.5761;0.473179,-0.270354;0.699617,-0.102125;1,-0.167324;
Delta:0.84145,-0.453448;0.84145,-0.699814;0.710689,-0.887849;0.485423,-0.983684;0.232927,-0.987854;0.0463287,-0.83645;-0.0694697,-0.618709;-0.118052,-0.3688;-0.118052,-0.105258;-0.0587844,0.140225;0.0151908,0.38388;0.0519862,0.636572;-0.0208873,0.827241;-0.272654,0.84613;-0.528298,0.821839;-0.70104,0.70258;-0.573243,0.499712;-0.390754,0.310576;-0.231278,0.133456;-0.0208873,0.0566665;
Epsilon:0.877697,-0.791132;0.651176,-0.809947;0.415888,-0.790721;0.192814,-0.716816;-0.0262868,-0.626081;-0.235308,-0.512162;-0.429903,-0.377283;-0.552305,-0.191992;-0.391386,-0.0375132;-0.181626,0.0593514;0.038057,0.112028;-0.139981,0.159068;-0.34571,0.253525;-0.367446,0.441305;-0.178277,0.523688;0.0522632,0.5542;0.286121,0.582424;0.523726,0.591831;0.761332,0.601239;1,0.610647;
Alpha:0.553896,-1;0.51367,-0.788233;0.466766,-0.571027;0.3938,-0.358806;0.292805,-0.159168;0.164863,0.0260404;0.0220656,0.199308;-0.14969,0.342865;-0.340883,0.458121;-0.556169,0.501786;-0.61202,0.312763;-0.5166,0.11522;-0.366539,-0.0460426;-0.185519,-0.174393;-0.00927338,-0.25725;0.0310257,-0.0479025;0.130812,0.145039;0.315216,0.258414;0.539199,0.267132;0.748324,0.193383;
Beta:-0.77953,1;-0.829004,0.72005;-0.857103,0.430447;-0.895889,0.143368;-0.908818,-0.152119;-0.88296,-0.442251;-0.73831,-0.683177;-0.493279,-0.823869;-0.209037,-0.874675;0.0827365,-0.878637;0.344535,-0.797102;0.405045,-0.538526;0.297504,-0.296824;0.280631,-0.0235581;0.448262,0.197972;0.668495,0.364453;0.797782,0.563999;0.563447,0.650923;0.279245,0.691095;0.0349838,0.767282;
Gamma:-0.918164,-0.86126;-0.734778,-0.599752;-0.513975,-0.351806;-0.283826,-0.10996;-0.0400818,0.122087;0.1947,0.358602;0.363264,0.642395;0.308758,0.929417;-0.0116855,0.975031;-0.325631,0.881462;-0.587493,0.685808;-0.672545,0.377533;-0.594118,0.0579296;-0.398059,-0.211753;-0.141516,-0.421511;0.116766,-0.624325;0.345017,-0.795317;0.408826,-0.505048;0.698665,-0.440199;1,-0.510376;
Delta:0.662051,-0.885971;0.447411,-0.968901;0.210769,-1;-0.0342521,-0.988753;-0.231576,-0.863112;-0.291648,-0.636625;-0.259286,-0.394965;-0.162183,-0.168275;-0.0379005,0.0415866;0.113464,0.234416;0.280891,0.41221;0.446636,0.588321;0.430845,0.720806;0.189909,0.700073;-0.0446921,0.652507;-0.275433,0.59641;-0.42641,0.473575;-0.359295,0.259771;-0.175768,0.11956;-0.0428571,-0.0255678;
Epsilon:0.886944,-0.991236;0.682811,-1;0.484645,-0.956606;0.30159,-0.870385;0.145088,-0.740175;0.00216626,-0.597254;-0.120065,-0.432077;-0.20713,-0.247731;-0.213203,-0.0451772;-0.0721848,0.0779987;0.12418,0.113056;0.0695929,0.0779987;-0.130198,0.104785;-0.308705,0.189409;-0.445217,0.320625;-0.405619,0.476929;-0.23378,0.551266;-0.0332773,0.568795;0.174486,0.568795;0.37862,0.560031;
Alpha:0.768847,-0.979456;0.653254,-0.768213;0.507635,-0.566799;0.343235,-0.378487;0.174993,-0.194303;-0.00502899,-0.0224881;-0.197335,0.137599;-0.404307,0.276668;-0.631917,0.375579;-0.755688,0.290014;-0.624591,0.0879051;-0.440981,-0.0756372;-0.232157,-0.195991;-0.0362028,-0.193659;0.0195927,0.0328356;0.0993006,0.255515;0.293697,0.39152;0.54137,0.39152;0.778969,0.32438;1,0.208192;
Beta:-1,0.767469;-0.960158,0.544972;-0.922275,0.303245;-0.87699,0.0632665;-0.775383,-0.159868;-0.626757,-0.352809;-0.442929,-0.517073;-0.220725,-0.618215;0.0192015,-0.666838;0.269871,-0.666838;0.512289,-0.646917;0.530536,-0.477589;0.39726,-0.298301;0.356235,-0.0675975;0.516982,0.0931494;0.673357,0.239977;0.508501,0.349129;0.299513,0.454041;0.0865983,0.557845;-0.0637168,0.558299;
Gamma:-0.739466,-0.80848;-0.480547,-0.618675;-0.243007,-0.368473;-0.00999926,-0.111686;0.218451,0.149436;0.377876,0.44144;0.377876,0.764589;0.124428,0.965443;-0.21024,1;-0.536933,0.919367;-0.750985,0.685865;-0.716428,0.352532;-0.549492,0.0556222;-0.327346,-0.206929;-0.0866007,-0.449533;0.143819,-0.701132;0.267011,-0.723522;0.418013,-0.45733;0.715665,-0.382278;0.988382,-0.555063;
Delta:0.687654,-0.936284;0.498619,-1;0.270802,-0.954825;0.10359,-0.788105;0.0184772,-0.57491;-0.00260345,-0.333356;0.036324,-0.0973859;0.140132,0.118463;0.28688,0.308941;0.44891,0.48159;0.388128,0.616325;0.147599,0.63538;-0.0989316,0.63538;-0.342955,0.62476;-0.569383,0.571663;-0.723665,0.424046;-0.594682,0.250478;-0.387025,0.147952;-0.174043,0.0619348;-0.0238421,-0.0654974;
Epsilon:0.609986,-0.579821;0.41316,-0.586321;0.22179,-0.547925;0.034396,-0.48955;-0.143172,-0.40056;-0.307638,-0.292719;-0.40405,-0.129661;-0.301506,0.0232413;-0.116402,0.083203;0.0773556,0.102704;0.03195,0.083203;-0.147891,0.13713;-0.258252,0.262416;-0.179236,0.400367;0.0117178,0.440716;0.209382,0.453716;0.408901,0.453716;0.607238,0.440716;0.804115,0.413309;1,0.375713;
Alpha:-0.326834,-0.893134;-0.222187,-0.641584;-0.0893988,-0.39291;0.0462558,-0.145716;0.142406,0.121406;0.152486,0.404688;0.0435031,0.654945;-0.185968,0.788649;-0.459139,0.730948;-0.660636,0.54781;-0.6836,0.285211;-0.532707,0.0510344;-0.325408,-0.141693;-0.0998982,-0.313606;0.114347,-0.489199;0.230943,-0.452988;0.322808,-0.201236;0.529951,-0.0447999;0.78579,-0.112696;1,-0.293101;
Beta:-0.456626,1;-0.468032,0.768965;-0.512649,0.54577;-0.547875,0.32239;-0.570687,0.0940474;-0.570687,-0.13968;-0.502251,-0.347092;-0.36554,-0.528257;-0.179256,-0.657511;0.0316894,-0.722324;0.216335,-0.689372;0.150128,-0.496432;0.17071,-0.273077;0.304298,-0.0966305;0.478428,0.0416381;0.638361,0.16903;0.501698,0.292821;0.31899,0.390611;0.150736,0.509537;-0.0117876,0.577974;
Gamma:-0.888309,-0.770211;-0.640437,-0.635346;-0.401567,-0.468104;-0.16992,-0.289326;0.0494285,-0.0926411;0.22953,0.132699;0.303424,0.409169;0.147141,0.642335;-0.122373,0.748828;-0.414816,0.765613;-0.65361,0.639435;-0.622356,0.362202;-0.446613,0.130891;-0.231235,-0.070669;-0.0228605,-0.276077;0.152359,-0.461382;0.219499,-0.202619;0.477923,-0.164209;0.75108,-0.227554;1,-0.342195;
Delta:0.517614,-0.963241;0.277491,-1;0.0507404,-0.919101;-0.164487,-0.805988;-0.318664,-0.621576;-0.315204,-0.377358;-0.190298,-0.168463;0.000236879,-0.0088663;0.207928,0.133124;0.421774,0.264261;0.622772,0.41524;0.665433,0.617417;0.444283,0.690936;0.188934,0.690936;-0.0634324,0.672556;-0.305793,0.614663;-0.533308,0.51469;-0.60973,0.338711;-0.411402,0.223091;-0.235955,0.121164;
Epsilon:0.774787,-0.981695;0.514836,-0.993583;0.261029,-0.935933;0.0175036,-0.831865;-0.197802,-0.67845;-0.389887,-0.494304;-0.53993,-0.280194;-0.588192,-0.0283579;-0.403308,0.149923;-0.146795,0.198974;0.122253,0.198974;0.298858,0.107713;0.0417817,0.135714;-0.175625,0.272194;-0.332663,0.459263;-0.184905,0.643528;0.0549175,0.740029;0.313403,0.792632;0.580086,0.803038;0.848007,0.793885;
Alpha:0.64109,-1;0.556672,-0.832114;0.488532,-0.645988;0.411335,-0.463179;0.308338,-0.29181;0.191174,-0.129996;0.0608153,0.0210206;-0.0741038,0.166431;-0.223801,0.297835;-0.385843,0.412891;-0.569351,0.469568;-0.627251,0.297022;-0.576285,0.111529;-0.427357,-0.0169213;-0.244427,-0.0731353;-0.0495776,-0.0526016;0.12515,0.0347624;0.280926,0.152089;0.397179,0.283287;0.513037,0.237852;
Beta:-0.777994,1;-0.777994,0.742461;-0.777994,0.484923;-0.752481,0.237952;-0.675939,0.000754857;-0.544359,-0.215917;-0.381633,-0.410087;-0.197503,-0.572315;0.00952107,-0.707719;0.235613,-0.817292;0.433912,-0.881322;0.408398,-0.634351;0.408398,-0.387381;0.535967,-0.197629;0.586995,-0.0016858;0.487036,0.206976;0.357371,0.39586;0.156073,0.525181;-0.0867207,0.566265;-0.331502,0.579022;
Gamma:-0.855162,-0.733693;-0.674328,-0.486603;-0.44167,-0.264988;-0.192296,-0.0597845;0.0453367,0.155763;0.222535,0.41026;0.204931,0.6789;-0.0958633,0.734977;-0.418599,0.723934;-0.699307,0.614766;-0.766821,0.318203;-0.626631,0.0349766;-0.384535,-0.177355;-0.121984,-0.362608;0.126219,-0.555598;0.3264,-0.676501;0.375068,-0.371332;0.569337,-0.158451;0.845373,-0.181532;1,-0.435542;
Delta:0.80592,-0.852899;0.583051,-1;0.248984,-1;-0.0708478,-0.944547;-0.363648,-0.811106;-0.505733,-0.543074;-0.354761,-0.260623;-0.12167,-0.0295582;0.150647,0.156748;0.427705,0.337068;0.658819,0.553598;0.501658,0.726241;0.171396,0.740698;-0.159777,0.752956;-0.493843,0.752956;-0.659673,0.563661;-0.49992,0.293582;-0.258006,0.0884431;0.0320706,-0.0177571;0.315583,-0.105134;
Epsilon:1,-0.475344;0.837066,-0.497991;0.65947,-0.482893;0.481986,-0.460245;0.304502,-0.437598;0.127373,-0.410938;-0.0459323,-0.360719;-0.212909,-0.291634;-0.362689,-0.197871;-0.472058,-0.0658417;-0.360891,0.0445044;-0.193358,0.0908326;-0.0175445,0.11348;-0.0854866,0.128578;-0.245001,0.180834;-0.38147,0.271434;-0.285139,0.365468;-0.115947,0.40477;0.0644757,0.407891;0.207354,0.347499;
Alpha:0.264145,-0.709555;0.237071,-0.508551;0.19056,-0.309147;0.123266,-0.11299;0.0245222,0.0719246;-0.10565,0.235545;-0.266273,0.365094;-0.458564,0.434365;-0.525227,0.265298;-0.519253,0.0544899;-0.450411,-0.13671;-0.30069,-0.278512;-0.146479,-0.239713;-0.027047,-0.070894;0.107814,0.0882544;0.267906,0.220298;0.465494,0.267125;0.667754,0.224013;0.849097,0.116997;1,-0.0272168;
Beta:-1,0.91514;-1,0.621349;-0.973865,0.338383;-0.909402,0.0666381;-0.814408,-0.200881;-0.684358,-0.458954;-0.481019,-0.657616;-0.24042,-0.80405;0.0234499,-0.901217;0.308743,-0.927352;0.502557,-0.796864;0.502742,-0.50315;0.577266,-0.260919;0.757495,-0.0976365;0.724886,0.169531;0.602436,0.397292;0.419515,0.554078;0.167028,0.653794;-0.115938,0.679928;-0.385836,0.71913;
Gamma:-0.719092,-0.871097;-0.590852,-0.625403;-0.418406,-0.387178;-0.230882,-0.158658;-0.04022,0.0640376;0.137694,0.29534;0.220536,0.564191;0.0927778,0.78393;-0.17396,0.752472;-0.341094,0.525554;-0.377409,0.236668;-0.31565,-0.044309;-0.198795,-0.310051;-0.0610956,-0.56811;0.0710496,-0.698216;0.103082,-0.412123;0.221383,-0.154004;0.448236,0.00620098;0.741063,0.025821;1,-0.0809549;
Delta:0.569659,-1;0.329886,-0.998467;0.115676,-0.911945;-0.0717619,-0.777193;-0.171336,-0.571564;-0.161044,-0.340551;-0.0381119,-0.146364;0.149872,-0.00577693;0.364635,0.0861673;0.483046,0.177522;0.351611,0.308957;0.200503,0.451115;0.0168204,0.543739;-0.204497,0.574614;-0.418459,0.502573;-0.572708,0.368457;-0.446851,0.204117;-0.239397,0.107512;-0.0600356,-0.0100997;0.0756623,-0.145798;
Epsilon:1,-0.673586;0.702046,-0.703815;0.410484,-0.643358;0.113537,-0.582901;-0.180408,-0.506582;-0.461421,-0.386228;-0.672646,-0.183447;-0.54308,0.0511859;-0.265215,0.172813;0.0346453,0.233759;0.342305,0.253422;0.634357,0.223193;0.411472,0.115339;0.104971,0.0922031;-0.198368,0.122432;-0.471325,0.243346;-0.474548,0.481748;-0.207812,0.596012;0.100284,0.606088;0.405505,0.57586;
Alpha:0.711615,-0.955207;0.641467,-0.713916;0.531941,-0.478539;0.384642,-0.261906;0.202249,-0.0717197;-0.00260504,0.0951124;-0.224802,0.238419;-0.462332,0.35273;-0.715857,0.408778;-0.855019,0.245232;-0.749184,0.0145576;-0.534686,-0.137201;-0.292816,-0.230857;-0.0412162,-0.245935;0.0491081,-0.0426831;0.100948,0.208484;0.273413,0.380635;0.531563,0.408778;0.786697,0.359545;1,0.206129;
Beta:-0.611118,1;-0.67395,0.718588;-0.720519,0.404754;-0.780662,0.0901743;-0.817556,-0.23079;-0.811955,-0.553408;-0.617567,-0.79077;-0.324626,-0.891891;0.00356697,-0.894366;0.322477,-0.857936;0.481785,-0.652898;0.287491,-0.454394;0.202487,-0.206453;0.400726,0.0324747;0.663669,0.222691;0.882516,0.413134;0.631446,0.526409;0.317758,0.562839;0.00407019,0.599269;-0.295391,0.635699;
Gamma:-0.859218,-1;-0.660758,-0.696599;-0.437894,-0.404995;-0.192778,-0.133159;0.0583558,0.131335;0.279052,0.421498;0.328533,0.76482;0.0360052,0.923848;-0.331432,0.903829;-0.662014,0.760331;-0.859218,0.489063;-0.732691,0.159181;-0.472104,-0.0911888;-0.183902,-0.315614;0.11897,-0.520491;0.38136,-0.744252;0.383267,-0.47948;0.540172,-0.188452;0.829425,-0.217034;0.997829,-0.505678;
Delta:0.737429,-0.717213;0.533785,-0.893955;0.27039,-0.976434;-0.0174079,-1;-0.234145,-0.865004;-0.252325,-0.584736;-0.150226,-0.320544;-0.00513825,-0.0696633;0.178301,0.152598;0.377583,0.360441;0.591067,0.550359;0.636336,0.767418;0.352736,0.790984;0.0653671,0.759415;-0.219906,0.720287;-0.500041,0.673156;-0.664723,0.52167;-0.518714,0.291492;-0.334805,0.0791115;-0.205194,-0.139857;
Epsilon:1,-0.687005;0.76421,-0.674831;0.537516,-0.616523;0.31693,-0.531742;0.097607,-0.439907;-0.116959,-0.335271;-0.327306,-0.224727;-0.480107,-0.0679265;-0.284614,0.0178082;-0.0481666,0.0379457;0.192291,0.0379457;0.426166,0.017723;0.22405,-0.0123981;-0.0058492,0.0278769;-0.219548,0.129179;-0.40619,0.27616;-0.48118,0.479898;-0.263747,0.521246;-0.0441423,0.470902;0.184431,0.420558;
Alpha:0.707356,-1;0.598154,-0.742137;0.459921,-0.484975;0.299911,-0.240171;0.119298,-0.00560138;-0.0849912,0.208342;-0.316614,0.391862;-0.565813,0.548373;-0.839724,0.645183;-0.956226,0.454033;-0.858466,0.179341;-0.67992,-0.0487964;-0.452536,-0.226627;-0.20413,-0.375774;0.0173353,-0.381803;0.142444,-0.125232;0.271283,0.126262;0.482421,0.288396;0.757224,0.268261;0.925392,0.0406279;
Beta:-0.505112,1;-0.505112,0.728332;-0.511814,0.458247;-0.517999,0.188039;-0.479339,-0.0722069;-0.367571,-0.306011;-0.207875,-0.521464;-0.00863644,-0.682043;0.230026,-0.778351;0.249123,-0.688144;0.139218,-0.488638;0.20365,-0.256461;0.402592,-0.108247;0.624009,-0.00515464;0.577362,0.132748;0.380977,0.265464;0.148265,0.35951;-0.0975582,0.43299;-0.354762,0.484536;-0.621092,0.497423;
Gamma:-0.851365,-0.852792;-0.636963,-0.57455;-0.40193,-0.312704;-0.159742,-0.0590249;0.0918017,0.190851;0.297758,0.470614;0.297758,0.791629;0.0110472,0.934733;-0.346165,0.947501;-0.639939,0.788654;-0.672613,0.441961;-0.547249,0.109445;-0.336436,-0.171733;-0.0982567,-0.431241;0.108261,-0.714368;0.15731,-0.723533;0.22115,-0.387476;0.457548,-0.188854;0.764887,-0.298478;1,-0.546359;
Delta:0.667997,-0.779516;0.527018,-0.934275;0.308798,-1;0.0724053,-0.958659;-0.0790993,-0.790334;-0.145039,-0.564131;-0.145039,-0.310614;-0.0937663,-0.0706398;0.0112512,0.153176;0.158981,0.351319;0.327999,0.534118;0.502634,0.701608;0.344651,0.777654;0.104053,0.743727;-0.134701,0.681192;-0.368336,0.617774;-0.572227,0.507453;-0.613567,0.290549;-0.480257,0.129981;-0.337962,-0.0216015;
Epsilon:1,-0.795506;0.748517,-0.757056;0.512308,-0.641899;0.27807,-0.533422;0.0401479,-0.426549;-0.195429,-0.310967;-0.415004,-0.170701;-0.525316,0.0485945;-0.30638,0.159318;-0.0449034,0.169302;0.21893,0.169302;0.467007,0.123359;0.303368,0.04985;0.0438733,0.0682273;-0.205454,0.132548;-0.439598,0.239791;-0.504328,0.399019;-0.254082,0.435773;0.00952708,0.434823;0.264908,0.399019;
Alpha:0.655242,-1;0.592669,-0.746957;0.478751,-0.499502;0.328517,-0.27253;0.15198,-0.0618875;-0.0553607,0.119874;-0.275288,0.284094;-0.512621,0.419528;-0.765959,0.500663;-0.896581,0.329383;-0.794136,0.0827378;-0.594382,-0.100291;-0.348522,-0.21635;-0.085681,-0.283774;0.171575,-0.249668;0.302389,-0.0174578;0.364546,0.243278;0.463475,0.4709;0.728624,0.429866;0.962195,0.287501;
Beta:-0.741768,1;-0.719692,0.787697;-0.686286,0.574032;-0.662507,0.353555;-0.64243,0.131308;-0.616767,-0.0901666;-0.558011,-0.304248;-0.426434,-0.480469;-0.248198,-0.614997;-0.0368035,-0.68033;0.185544,-0.696182;0.352031,-0.62265;0.280697,-0.435393;0.265518,-0.227869;0.415121,-0.0700213;0.573962,0.0529441;0.541153,0.215318;0.349765,0.302505;0.155062,0.388508;-0.0284207,0.468952;
Gamma:-0.982586,-0.680885;-0.77481,-0.461238;-0.559126,-0.233682;-0.345368,-0.00805283;-0.127382,0.221805;0.0821535,0.455084;0.240207,0.717696;0.10391,0.909932;-0.184439,0.822263;-0.441844,0.643393;-0.590817,0.383975;-0.554345,0.0771947;-0.377632,-0.181765;-0.151411,-0.390102;0.107889,-0.567239;0.347053,-0.745411;0.358924,-0.476931;0.489514,-0.241336;0.758982,-0.206015;1,-0.384091;
Delta:0.808539,-0.910173;0.546255,-1;0.240261,-0.988772;-0.0370809,-0.884224;-0.269384,-0.694111;-0.312139,-0.400579;-0.17177,-0.127629;0.0221432,0.111198;0.262334,0.298869;0.507079,0.472621;0.640113,0.679396;0.389266,0.774081;0.0786209,0.774081;-0.221422,0.718956;-0.515077,0.639785;-0.740975,0.476314;-0.574133,0.247932;-0.355567,0.0891513;-0.137472,-0.0231324;0.134837,-0.0680458;
Epsilon:0.63782,-0.945226;0.413029,-0.978656;0.18533,-0.860505;-0.0342176,-0.718905;-0.240639,-0.557816;-0.410799,-0.358275;-0.526166,-0.127454;-0.493426,0.122317;-0.285281,0.275532;-0.0305792,0.332701;0.232021,0.345878;0.495379,0.342762;0.631747,0.222431;0.398404,0.142431;0.136157,0.134606;-0.118008,0.181556;-0.356901,0.272023;-0.449837,0.4415;-0.228284,0.502375;0.0274802,0.478901;
Alpha:0.315514,-0.988769;0.286481,-0.773058;0.212028,-0.566303;0.130067,-0.357756;0.0388206,-0.152465;-0.064735,0.045524;-0.188005,0.229838;-0.345156,0.3875;-0.535923,0.488569;-0.636543,0.376968;-0.566103,0.172865;-0.420514,0.00860869;-0.240344,-0.117605;-0.040691,-0.190759;0.140204,-0.11246;0.253691,0.0761009;0.384463,0.25625;0.578539,0.342867;0.797364,0.312925;1,0.224637;
Beta:-0.965907,0.834867;-1,0.576008;-1,0.299553;-0.965907,0.0298889;-0.866691,-0.224402;-0.702166,-0.443126;-0.487128,-0.608877;-0.231706,-0.708223;0.0382329,-0.750434;0.312676,-0.758958;0.574829,-0.709768;0.610871,-0.489396;0.491547,-0.259329;0.465978,0.000991842;0.574191,0.23566;0.637258,0.450509;0.368203,0.468373;0.0937602,0.45985;-0.178999,0.475506;-0.394858,0.528035;
Gamma:-0.93996,-0.800258;-0.711507,-0.581962;-0.467679,-0.368605;-0.230117,-0.151356;0.0121051,0.0646741;0.230131,0.300787;0.379283,0.578778;0.28791,0.85531;-0.018731,0.906094;-0.311315,0.772975;-0.551189,0.566382;-0.686039,0.290443;-0.650738,-0.0278406;-0.462123,-0.282724;-0.206174,-0.477731;0.067624,-0.629647;0.291164,-0.55435;0.454021,-0.300081;0.697566,-0.140063;1,-0.201004;
Delta:0.558928,-0.885662;0.358005,-0.977328;0.132961,-1;-0.070446,-0.915929;-0.185144,-0.722074;-0.19746,-0.492079;-0.162279,-0.266205;-0.0903841,-0.0470512;0.0135846,0.160886;0.135899,0.357571;0.2423,0.557505;0.142079,0.68868;-0.0654399,0.618318;-0.270373,0.530366;-0.46753,0.451209;-0.391699,0.328821;-0.172502,0.275305;0.047143,0.213738;0.241776,0.117253;0.347843,-0.0413226;
Epsilon:0.628579,-1;0.431146,-0.965047;0.245426,-0.887069;0.0605171,-0.785876;-0.116763,-0.674099;-0.285858,-0.555889;-0.442527,-0.418242;-0.54236,-0.243013;-0.468961,-0.0789811;-0.282691,-0.000699804;-0.0803559,0.0398635;0.125873,0.0573402;0.081113,0.118509;-0.0920335,0.223369;-0.201565,0.376937;-0.143418,0.552405;0.0294607,0.646638;0.223915,0.69254;0.431088,0.703978;0.637317,0.686501;
Alpha:0.549108,-0.968756;0.51021,-0.740664;0.426227,-0.522599;0.322466,-0.306725;0.195648,-0.105955;0.0449112,0.0781809;-0.135432,0.233549;-0.339518,0.35052;-0.564612,0.36403;-0.69502,0.189496;-0.70337,-0.0349481;-0.565156,-0.20057;-0.333794,-0.225619;-0.107934,-0.172924;0.0658653,-0.0325242;0.197882,0.15741;0.346284,0.331393;0.55786,0.400619;0.790709,0.37557;1,0.267022;
Beta:-0.891738,1;-0.84766,0.774853;-0.830029,0.528424;-0.830029,0.276262;-0.815435,0.0275454;-0.742089,-0.207302;-0.597509,-0.404992;-0.399937,-0.555014;-0.174335,-0.646689;0.0702028,-0.683776;0.322365,-0.683776;0.557979,-0.630882;0.549406,-0.441143;0.395337,-0.271885;0.421784,-0.0452835;0.597006,0.0997212;0.533228,0.206598;0.297753,0.250676;0.0797865,0.337021;-0.115967,0.435803;
Gamma:-0.746321,-0.783419;-0.470739,-0.650645;-0.214976,-0.465989;0.0359757,-0.272103;0.284461,-0.0737988;0.514963,0.143295;0.61862,0.426023;0.395908,0.621667;0.0835741,0.651776;-0.226846,0.610424;-0.514393,0.486723;-0.753574,0.285999;-0.752048,-0.00489477;-0.506639,-0.200518;-0.212759,-0.311711;0.0692677,-0.402038;0.177021,-0.147408;0.408431,-0.000584939;0.720037,-0.00613011;1,-0.131057;
Delta:0.676515,-0.872503;0.405701,-0.961751;0.101751,-1;-0.208219,-0.98725;-0.475563,-0.855144;-0.662199,-0.626941;-0.581827,-0.34202;-0.367341,-0.118658;-0.116405,0.0608444;0.154244,0.211528;0.428699,0.353857;0.70516,0.486909;0.824512,0.657456;0.519823,0.682955;0.209853,0.695705;-0.100116,0.708455;-0.368957,0.66741;-0.316962,0.375967;-0.152213,0.151364;0.0517819,0.0709717;
Epsilon:0.856056,-1;0.626403,-0.959752;0.405996,-0.867096;0.186987,-0.760853;-0.0135059,-0.63541;-0.206007,-0.490833;-0.372123,-0.315805;-0.433711,-0.101049;-0.29665,0.0775323;-0.0717543,0.155976;0.167807,0.18448;0.410227,0.193254;0.310753,0.158159;0.072414,0.181475;-0.155719,0.248672;-0.366717,0.354383;-0.465796,0.526664;-0.261911,0.610724;-0.0268601,0.631951;0.215559,0.640725;
Alpha:0.520593,-1;0.4907,-0.773596;0.42764,-0.555022;0.336652,-0.340461;0.216548,-0.137953;0.071804,0.0466493;-0.0871348,0.215456;-0.27527,0.354508;-0.477379,0.464758;-0.682079,0.454793;-0.686313,0.236799;-0.556615,0.0483747;-0.374722,-0.098965;-0.161136,-0.17877;0.0641897,-0.17296;0.169506,0.00406264;0.265022,0.199222;0.474592,0.265471;0.695109,0.203124;0.909202,0.106042;
Beta:-0.843485,1;-0.793366,0.739298;-0.767972,0.469396;-0.767972,0.191817;-0.767972,-0.0857612;-0.69059,-0.344087;-0.522086,-0.557681;-0.281929,-0.691143;-0.0169106,-0.755666;0.255746,-0.783983;0.531096,-0.774544;0.713961,-0.648822;0.566095,-0.456775;0.38951,-0.24835;0.31752,0.00214486;0.399511,0.241914;0.407395,0.386461;0.14924,0.441473;-0.0893097,0.547875;-0.305458,0.660194;
Gamma:-1,-0.873673;-0.840687,-0.615531;-0.642116,-0.372921;-0.4323,-0.141126;-0.214269,0.0878958;0.0181245,0.302039;0.248878,0.518073;0.429092,0.764226;0.265846,0.906679;-0.016158,0.788665;-0.278258,0.617357;-0.494468,0.401513;-0.571397,0.110621;-0.438583,-0.161205;-0.20196,-0.360537;0.058834,-0.529398;0.299586,-0.697835;0.40039,-0.462366;0.622347,-0.295359;0.923219,-0.335171;
Delta:0.822763,-0.917781;0.567227,-0.986297;0.254437,-1;-0.0526762,-0.972594;-0.329939,-0.861335;-0.499278,-0.62348;-0.502329,-0.320308;-0.360329,-0.050011;-0.159693,0.186824;0.075691,0.380473;0.334068,0.553081;0.590243,0.727037;0.600668,0.863634;0.287878,0.849931;-0.0167626,0.798476;-0.316861,0.740305;-0.506447,0.579317;-0.37263,0.318721;-0.161393,0.137365;0.0553837,0.0140363;
Epsilon:0.78953,-0.694811;0.620461,-0.789159;0.392767,-0.781902;0.175354,-0.728829;-0.0350568,-0.649772;-0.240459,-0.549953;-0.428857,-0.424453;-0.569151,-0.249074;-0.60872,-0.0319046;-0.461182,0.122891;-0.249822,0.183358;-0.104346,0.183358;-0.279331,0.294216;-0.311324,0.497734;-0.126662,0.599802;0.0931173,0.640586;0.319633,0.655101;0.54904,0.655101;0.776091,0.640586;1,0.611555;
Alpha:0.648952,-0.646326;0.529324,-0.453839;0.389235,-0.27331;0.243412,-0.0950678;0.0840698,0.0708979;-0.0905961,0.219833;-0.281833,0.347325;-0.490661,0.442266;-0.689006,0.423226;-0.689006,0.196115;-0.599503,-0.0106354;-0.448663,-0.177949;-0.256885,-0.299384;-0.0362382,-0.335019;0.104379,-0.190741;0.193711,0.00635249;0.351118,0.148501;0.575102,0.174995;0.79548,0.128225;1,0.0292769;
Beta:-0.633383,1;-0.606472,0.794074;-0.606472,0.571747;-0.597501,0.351537;-0.588531,0.130665;-0.570589,-0.0874275;-0.515114,-0.295061;-0.37568,-0.460974;-0.190618,-0.571447;0.0177842,-0.623665;0.237994,-0.632636;0.455272,-0.620444;0.423737,-0.469764;0.290581,-0.318356;0.254699,-0.126656;0.370524,0.0214214;0.51441,0.147366;0.4141,0.300299;0.232311,0.385481;0.0663178,0.470739;
Gamma:-1,-0.670373;-0.764318,-0.516087;-0.544757,-0.30608;-0.324941,-0.0937181;-0.106474,0.12475;0.0819411,0.367336;0.137106,0.657503;-0.0267973,0.849413;-0.319662,0.827546;-0.509751,0.605336;-0.507983,0.310106;-0.372184,0.0420635;-0.170454,-0.187873;0.0508187,-0.398213;0.276326,-0.601852;0.366714,-0.719411;0.344847,-0.417489;0.43138,-0.167423;0.691444,-0.156489;0.9134,-0.309561;
Delta:0.760435,-0.885372;0.50629,-0.965612;0.237236,-1;-0.0389393,-0.995778;-0.274946,-0.904565;-0.33999,-0.66105;-0.245699,-0.410221;-0.0922522,-0.183567;0.0864602,0.0213499;0.284594,0.203316;0.466792,0.402846;0.53118,0.639917;0.337026,0.765266;0.0625605,0.776728;-0.197661,0.730877;-0.426764,0.621178;-0.454618,0.385184;-0.303355,0.192127;-0.121482,0.0431115;0.0382813,-0.0944416;
Epsilon:1,-0.926571;0.748479,-0.913633;0.520329,-0.822122;0.288937,-0.715452;0.0667478,-0.595332;-0.149754,-0.462777;-0.354052,-0.312452;-0.507308,-0.120709;-0.392587,0.0482152;-0.148973,0.0894368;0.106577,0.0933442;0.357558,0.0769029;0.419616,0.0391894;0.173616,0.082324;-0.0535985,0.191418;-0.26839,0.325891;-0.455286,0.494744;-0.492825,0.716124;-0.28615,0.797356;-0.0379666,0.770279;
Alpha:0.611005,-0.763037;0.54333,-0.550619;0.436934,-0.340331;0.313967,-0.132775;0.171355,0.0619855;0.0139221,0.23211;-0.169417,0.387071;-0.383904,0.485364;-0.52177,0.374831;-0.555978,0.140028;-0.519636,-0.0939182;-0.386762,-0.280913;-0.190246,-0.383088;-0.0765197,-0.220882;-0.013078,-0.00302326;0.0990042,0.199523;0.296799,0.314692;0.533347,0.349669;0.771608,0.319122;1,0.241112;
Beta:-0.933364,1;-0.889177,0.719203;-0.856037,0.427926;-0.833943,0.134041;-0.77871,-0.150052;-0.628319,-0.398666;-0.424988,-0.61293;-0.172027,-0.761504;0.109856,-0.844796;0.401133,-0.877936;0.679452,-0.857867;0.609989,-0.609633;0.441186,-0.374549;0.348051,-0.112059;0.439937,0.152917;0.613172,0.354377;0.454681,0.515865;0.17407,0.569179;-0.110023,0.624413;-0.369983,0.712786;
Gamma:-0.512645,-0.870998;-0.249109,-0.673276;-0.0112619,-0.435429;0.216716,-0.190644;0.392113,0.0945044;0.436957,0.421996;0.326909,0.731192;0.0732036,0.940663;-0.251486,1;-0.562965,0.899624;-0.732922,0.634662;-0.696769,0.30582;-0.535766,0.0171066;-0.307954,-0.229509;-0.0676947,-0.460367;0.0796806,-0.71874;0.117289,-0.389093;0.336267,-0.203456;0.634653,-0.316534;0.860047,-0.560732;
Delta:1,-0.735215;0.792755,-0.850137;0.567572,-0.92318;0.331456,-0.949909;0.0970324,-0.91601;-0.0828313,-0.782352;-0.192805,-0.586942;-0.220365,-0.353035;-0.175167,-0.121279;-0.0726,0.0914006;0.0646594,0.284289;0.216381,0.469909;0.322019,0.65534;0.094879,0.677245;-0.137532,0.643346;-0.37117,0.605538;-0.593255,0.572235;-0.472112,0.409206;-0.28272,0.276312;-0.118668,0.14616;
Epsilon:1,-0.74337;0.76417,-0.72937;0.532717,-0.691413;0.301676,-0.643376;0.0748144,-0.573528;-0.14193,-0.47982;-0.339816,-0.354898;-0.506606,-0.189317;-0.490255,0.0178629;-0.271578,0.0843085;-0.0387955,0.113927;0.175248,0.122587;-0.0603008,0.131247;-0.278741,0.197648;-0.428829,0.344179;-0.273846,0.46031;-0.0402044,0.486289;0.198931,0.486289;0.428347,0.451651;0.644958,0.382374;
Alpha:0.800974,-1;0.683215,-0.787836;0.543466,-0.584864;0.401748,-0.380932;0.248423,-0.184594;0.0829536,0.00123489;-0.0895419,0.180474;-0.277988,0.341947;-0.480419,0.483689;-0.689272,0.523951;-0.61507,0.29464;-0.489698,0.0816334;-0.340928,-0.114339;-0.176879,-0.291875;-0.0665547,-0.138928;0.0173141,0.0894983;0.166154,0.280247;0.38979,0.375612;0.637732,0.389098;0.881893,0.355382;
Beta:-0.642611,1;-0.653797,0.717948;-0.69854,0.443817;-0.768963,0.173512;-0.83277,-0.0995176;-0.799213,-0.372303;-0.608648,-0.577405;-0.354634,-0.68204;-0.07932,-0.73021;0.206517,-0.733804;0.48857,-0.722618;0.44299,-0.577778;0.292364,-0.360036;0.342425,-0.0955282;0.530732,0.115151;0.722368,0.306786;0.646346,0.496638;0.378193,0.541381;0.0915077,0.541381;-0.195178,0.541381;
Gamma:-0.575713,-1;-0.481749,-0.720288;-0.325458,-0.453996;-0.141876,-0.209224;0.0605613,0.0238076;0.229947,0.277341;0.27074,0.56479;0.0518572,0.745472;-0.243496,0.802151;-0.548256,0.791752;-0.687894,0.572641;-0.590314,0.293783;-0.394577,0.0618326;-0.156764,-0.133971;0.0864788,-0.321471;0.28334,-0.543481;0.33193,-0.527403;0.395636,-0.242813;0.639768,-0.173943;0.892833,-0.326916;
Delta:0.510982,-0.949658;0.306287,-1;0.0689662,-0.987414;-0.154958,-0.937072;-0.343621,-0.81243;-0.447611,-0.620342;-0.447333,-0.386938;-0.352718,-0.172537;-0.216644,0.0217638;-0.0540452,0.196948;0.131726,0.345807;0.317807,0.493287;0.482565,0.645459;0.371647,0.774561;0.136568,0.787146;-0.0880848,0.74939;-0.193808,0.585331;-0.143466,0.380636;-0.0614051,0.189079;0.0201464,0.0194286;
Epsilon:1,-0.714014;0.794479,-0.741544;0.582433,-0.720883;0.371994,-0.688213;0.161664,-0.651751;-0.04594,-0.599357;-0.244071,-0.514108;-0.425449,-0.400477;-0.580552,-0.253022;-0.559579,-0.071181;-0.374689,0.0219421;-0.174236,0.0751835;0.032919,0.102714;-0.119174,0.184919;-0.282201,0.302062;-0.275535,0.451458;-0.0857382,0.524843;0.118259,0.56575;0.328041,0.58908;0.531987,0.58908;
Alpha:0.633365,-1;0.579195,-0.776916;0.491979,-0.553306;0.385498,-0.337239;0.257921,-0.132791;0.110478,0.0605027;-0.0617778,0.236085;-0.246648,0.396366;-0.450264,0.524474;-0.661618,0.523156;-0.702599,0.290697;-0.657721,0.0576975;-0.493368,-0.112888;-0.276369,-0.213175;-0.0434348,-0.245959;0.124808,-0.123018;0.23382,0.0839485;0.410477,0.229414;0.648703,0.222272;0.871051,0.139257;
Beta:-1,0.790361;-0.954828,0.561716;-0.943535,0.305806;-0.920949,0.0545743;-0.848952,-0.185071;-0.700758,-0.38973;-0.497974,-0.544773;-0.263275,-0.639537;-0.0127015,-0.689013;0.242554,-0.711599;0.503141,-0.711599;0.648768,-0.590023;0.513253,-0.398799;0.376,-0.201679;0.378139,0.0341358;0.547132,0.204878;0.671354,0.40078;0.480271,0.496745;0.238395,0.541917;-0.0175148,0.55321;
Gamma:-0.572583,-0.66708;-0.419351,-0.425995;-0.243248,-0.197179;-0.0504015,0.0220231;0.121462,0.255391;0.141224,0.534325;-0.0445755,0.746481;-0.309238,0.848506;-0.588862,0.810155;-0.73072,0.576216;-0.658561,0.304345;-0.490152,0.0675292;-0.289946,-0.141462;-0.0798076,-0.342815;0.134562,-0.530829;0.270814,-0.562472;0.305955,-0.295852;0.546329,-0.219026;0.77874,-0.366752;1,-0.544085;
Delta:1,-0.604122;0.792533,-0.65799;0.574847,-0.684924;0.351899,-0.697457;0.127798,-0.70288;-0.0875075,-0.66189;-0.265889,-0.551261;-0.256693,-0.343326;-0.120938,-0.171877;0.0442117,-0.0246831;0.220969,0.107185;0.308699,0.292168;0.185686,0.434641;-0.00739613,0.527098;-0.202014,0.615848;-0.409536,0.647433;-0.454426,0.456823;-0.364647,0.26743;-0.211947,0.131994;-0.0863305,0.00637762;
Epsilon:0.658094,-0.59954;0.485664,-0.654245;0.286876,-0.629332;0.0948246,-0.57134;-0.0911635,-0.48476;-0.260709,-0.371387;-0.415103,-0.237507;-0.483872,-0.055232;-0.32195,0.0432436;-0.123737,0.0705961;-0.0704926,0.0675036;-0.246701,0.147978;-0.326596,0.308756;-0.191136,0.431713;-0.00735666,0.50374;0.190912,0.542426;0.395117,0.556103;0.600163,0.549265;0.800914,0.517613;1,0.474045;
Alpha:0.507196,-1;0.445079,-0.763277;0.372396,-0.518834;0.282715,-0.279024;0.18032,-0.0440102;0.0543458,0.183004;-0.114688,0.377477;-0.319574,0.531663;-0.560234,0.591783;-0.641306,0.381315;-0.629115,0.122004;-0.553679,-0.117423;-0.408477,-0.32723;-0.224896,-0.442546;-0.114562,-0.218527;0.0402101,-0.0162468;0.24167,0.136634;0.46946,0.241736;0.713484,0.289546;0.879956,0.158576;
Beta:-0.93571,1;-0.882779,0.768779;-0.840434,0.510798;-0.798089,0.249045;-0.740732,-0.00838651;-0.646268,-0.256405;-0.488925,-0.473653;-0.276141,-0.637188;-0.0219735,-0.714975;0.244778,-0.736148;0.509643,-0.714975;0.631057,-0.533633;0.469685,-0.355042;0.309688,-0.175076;0.323294,0.0676468;0.508013,0.252366;0.630411,0.37541;0.363046,0.364824;0.0912969,0.364824;-0.152326,0.417755;
Gamma:-0.363085,-0.591441;-0.299896,-0.397606;-0.214864,-0.19949;-0.137409,0.00148775;-0.071665,0.208048;-0.0749339,0.420303;-0.215869,0.564022;-0.428872,0.588505;-0.565746,0.451631;-0.615842,0.247085;-0.516176,0.0583223;-0.335438,-0.0684383;-0.143478,-0.177676;0.0621277,-0.267095;0.268232,-0.351936;0.465175,-0.437981;0.53962,-0.385461;0.598283,-0.189751;0.797138,-0.122034;1,-0.176197;
Delta:0.821601,-0.775144;0.669437,-0.932543;0.427256,-0.988757;0.171104,-0.988757;-0.069437,-0.908629;-0.277265,-0.755587;-0.437593,-0.557109;-0.493807,-0.30809;-0.438248,-0.0569136;-0.294188,0.155258;-0.111543,0.337907;0.0921238,0.496598;0.305259,0.642276;0.353469,0.798849;0.0946637,0.810092;-0.154177,0.765121;-0.34007,0.64145;-0.282669,0.419069;-0.156523,0.214444;-0.0665803,0.0343382;
Epsilon:1,-0.713143;0.792053,-0.729141;0.576018,-0.693133;0.361063,-0.646816;0.14667,-0.586018;-0.0521011,-0.487764;-0.239663,-0.369285;-0.389772,-0.211285;-0.412405,-0.0172105;-0.210395,0.0455275;0.0113661,0.0387841;0.0918577,-0.0374388;-0.127213,-0.0332089;-0.322059,0.0598758;-0.455859,0.230065;-0.4045,0.42611;-0.212666,0.513955;0.00598529,0.526737;0.211815,0.483002;0.424056,0.454744;
Alpha:0.617953,-1;0.544101,-0.814441;0.450531,-0.630678;0.332781,-0.455518;0.208412,-0.284738;0.0811199,-0.116151;-0.050904,0.0474203;-0.199909,0.197212;-0.360904,0.332182;-0.539377,0.439897;-0.640078,0.374061;-0.533276,0.201704;-0.389487,0.052637;-0.230887,-0.080293;-0.06737,-0.192398;-0.000272228,-0.0282581;0.0785482,0.157822;0.211823,0.299735;0.389199,0.268188;0.535931,0.123072;
Beta:-0.944828,1;-0.958753,0.684581;-0.972216,0.366614;-0.944828,0.0519334;-0.835278,-0.236032;-0.658145,-0.491738;-0.417481,-0.694676;-0.142595,-0.838966;0.164341,-0.903439;0.475788,-0.94452;0.796934,-0.94452;0.739509,-0.780352;0.56149,-0.540966;0.493021,-0.245742;0.547796,0.0527149;0.594097,0.342697;0.389834,0.528047;0.142696,0.706716;-0.130706,0.821981;-0.424464,0.849368;
Gamma:-0.809357,-0.81563;-0.567212,-0.565614;-0.336312,-0.302948;-0.100141,-0.0421662;0.127116,0.226267;0.308206,0.529252;0.293059,0.858111;0.0133516,1;-0.330332,0.952526;-0.627318,0.772058;-0.797643,0.479371;-0.774337,0.133425;-0.603954,-0.172199;-0.355493,-0.414391;-0.0649171,-0.613877;0.186311,-0.728652;0.271746,-0.413924;0.492213,-0.216884;0.791246,-0.319473;0.947704,-0.604783;
Delta:0.934309,-0.889318;0.648427,-0.964488;0.353881,-1;0.0538713,-0.992447;-0.229472,-0.911147;-0.410228,-0.691849;-0.361675,-0.404328;-0.175571,-0.176446;0.0504521,0.0170613;0.292913,0.189888;0.540348,0.356827;0.712945,0.569671;0.476407,0.670292;0.174614,0.670292;-0.122674,0.640106;-0.418084,0.60992;-0.645425,0.502411;-0.481079,0.284582;-0.234818,0.128879;-0.0417048,-0.0239862;
Epsilon:1,-0.959357;0.719245,-0.996377;0.428492,-0.977867;0.15757,-0.880579;-0.0742809,-0.708777;-0.243887,-0.479933;-0.249934,-0.201442;-0.0413407,-0.00608514;0.226988,0.0864655;0.184712,0.0536517;-0.102717,0.0309351;-0.391778,0.0598731;-0.663971,0.159535;-0.841758,0.352355;-0.673839,0.563766;-0.401121,0.663104;-0.112704,0.6973;0.175182,0.669535;0.436001,0.576424;0.685328,0.493688;
Alpha:0.480754,-0.672535;0.404909,-0.469323;0.284709,-0.283961;0.145756,-0.110002;-0.00863032,0.0498729;-0.185441,0.185643;-0.383525,0.284278;-0.5962,0.307615;-0.650289,0.12516;-0.553703,-0.0738468;-0.406366,-0.236701;-0.205963,-0.330038;-0.00975686,-0.317083;0.0719682,-0.119063;0.119032,0.094492;0.21319,0.291733;0.409491,0.371792;0.626323,0.336786;0.826411,0.242001;1,0.103417;
Beta:-0.663854,0.983666;-0.778193,0.831351;-0.794527,0.545453;-0.819029,0.260881;-0.851697,-0.0217642;-0.834949,-0.307564;-0.706568,-0.556158;-0.476923,-0.722802;-0.202265,-0.788595;0.0874895,-0.788595;0.371659,-0.755927;0.638242,-0.682423;0.5687,-0.461232;0.374582,-0.268328;0.47919,-0.0212381;0.693014,0.168085;0.701021,0.346632;0.418506,0.371133;0.139847,0.411969;-0.108491,0.477305;
Gamma:-1,-0.927213;-0.703127,-0.753868;-0.417285,-0.546636;-0.133304,-0.338185;0.139458,-0.113421;0.362152,0.157529;0.437424,0.49043;0.25334,0.765087;-0.0728433,0.880798;-0.424213,0.903258;-0.663104,0.713115;-0.640644,0.369049;-0.498659,0.0465646;-0.286646,-0.231473;-0.0679201,-0.499347;0.0233089,-0.420478;0.217204,-0.170434;0.547779,-0.107431;0.83047,-0.262352;0.965229,-0.556627;
Delta:1,-0.725292;0.768496,-0.800246;0.516849,-0.823208;0.263633,-0.806889;0.0273632,-0.728552;-0.168303,-0.577681;-0.240264,-0.348234;-0.142379,-0.121541;0.0223357,0.0676835;0.224917,0.22139;0.408149,0.38822;0.346357,0.564366;0.104253,0.612887;-0.14988,0.623557;-0.404359,0.624676;-0.623767,0.549933;-0.572691,0.317022;-0.395319,0.13964;-0.179378,0.0172341;0.0616423,-0.023564;
Epsilon:0.46574,-0.77518;0.247891,-0.791049;0.0297175,-0.742308;-0.164203,-0.6266;-0.343144,-0.489683;-0.493069,-0.322808;-0.521012,-0.109125;-0.366897,0.0489357;-0.155732,0.124973;0.0695681,0.139938;0.103884,0.0515797;-0.116161,0.071189;-0.298431,0.197745;-0.307561,0.395986;-0.118038,0.513106;0.10217,0.557824;0.328182,0.568404;0.554844,0.563114;0.779139,0.541955;1,0.499638;
Alpha:0.333439,-0.663109;0.274835,-0.478204;0.185866,-0.302028;0.0648275,-0.144537;-0.0767114,-0.00299803;-0.229871,0.126279;-0.394706,0.237488;-0.582263,0.289865;-0.666403,0.130972;-0.615765,-0.0509549;-0.470714,-0.17881;-0.280882,-0.22047;-0.0918958,-0.173603;0.0632207,-0.0532577;0.182566,0.10254;0.335498,0.21696;0.525632,0.253413;0.720567,0.223885;0.884344,0.120198;1,-0.0382076;
Beta:-0.871896,0.984288;-0.806551,0.790753;-0.754059,0.513156;-0.711958,0.22952;-0.683357,-0.0589691;-0.667645,-0.348627;-0.632195,-0.634204;-0.480539,-0.868247;-0.217266,-0.948237;0.065278,-0.899935;0.330306,-0.780558;0.576409,-0.632586;0.746398,-0.441428;0.66889,-0.210843;0.542147,0.0196622;0.526672,0.308216;0.36912,0.520997;0.110665,0.622629;-0.161867,0.688192;-0.439827,0.685768;
Gamma:-0.650088,-0.75468;-0.477426,-0.509285;-0.282767,-0.27826;-0.084935,-0.0411142;0.0861937,0.213369;0.222706,0.488522;0.234355,0.788335;0.0264613,0.984477;-0.272921,0.972725;-0.513655,0.79101;-0.659179,0.531125;-0.630869,0.234235;-0.487653,-0.0340146;-0.296166,-0.272174;-0.0796065,-0.488733;0.139678,-0.681947;0.246402,-0.525455;0.438575,-0.320612;0.731128,-0.326666;0.895485,-0.554664;
Delta:0.881818,-0.827304;0.649122,-0.964057;0.344151,-1;0.0301281,-1;-0.270853,-0.941754;-0.506362,-0.763129;-0.453433,-0.483563;-0.261366,-0.244259;-0.0194261,-0.0495559;0.234618,0.129197;0.485312,0.309118;0.680339,0.534761;0.598821,0.767722;0.300535,0.822905;-0.0119317,0.832499;-0.319994,0.807248;-0.53813,0.656372;-0.528535,0.354271;-0.35689,0.112932;-0.135172,-0.0597647;
Epsilon:0.618911,-0.752961;0.388851,-0.794001;0.152941,-0.733505;-0.0704735,-0.625603;-0.2724,-0.483119;-0.418028,-0.286315;-0.465728,-0.0461577;-0.335026,0.151646;-0.105333,0.236836;0.142156,0.244664;0.163592,0.116739;-0.0777736,0.0795728;-0.31229,0.146495;-0.429451,0.332777;-0.233171,0.466525;0.0068131,0.524565;0.255332,0.53688;0.505826,0.53688;0.754066,0.519291;1,0.484114;
Alpha:0.613032,-0.970557;0.536907,-0.71065;0.430652,-0.455926;0.298641,-0.213502;0.139499,0.0125223;-0.0503214,0.212983;-0.271955,0.378568;-0.527488,0.475817;-0.742999,0.371035;-0.807274,0.109267;-0.793449,-0.162219;-0.622384,-0.36844;-0.364456,-0.444026;-0.102641,-0.389519;0.0964978,-0.214689;0.224675,0.0289781;0.329842,0.281439;0.52601,0.444098;0.783469,0.377911;1,0.215723;
Beta:-0.450729,1;-0.616362,0.751334;-0.739888,0.454664;-0.845388,0.148248;-0.89677,-0.170426;-0.84721,-0.487496;-0.685602,-0.760457;-0.395921,-0.898296;-0.0701883,-0.916322;0.254972,-0.890642;0.57089,-0.809598;0.788272,-0.601103;0.648602,-0.330611;0.39983,-0.1314;0.415812,0.156719;0.639592,0.377856;0.490934,0.520919;0.162165,0.520919;-0.165501,0.527717;-0.475509,0.562219;
Gamma:-0.915295,-0.812482;-0.677673,-0.586755;-0.42934,-0.352668;-0.172024,-0.126499;0.0767174,0.10982;0.300657,0.368616;0.444066,0.671751;0.37438,0.965145;0.0479291,0.971852;-0.248239,0.813098;-0.505289,0.590904;-0.680021,0.305581;-0.673289,-0.0242725;-0.468576,-0.291963;-0.184391,-0.480649;0.106265,-0.655632;0.233184,-0.589419;0.343795,-0.281059;0.644943,-0.18967;0.923328,-0.368075;
Delta:1,-0.691469;0.800244,-0.763888;0.564076,-0.800098;0.322164,-0.80915;0.0836958,-0.785513;-0.135278,-0.69413;-0.315446,-0.543781;-0.357857,-0.315687;-0.286267,-0.0948412;-0.13265,0.0864844;0.0548208,0.23906;0.251493,0.379553;0.39349,0.552101;0.188203,0.612074;-0.0537082,0.603021;-0.290722,0.573222;-0.457434,0.459172;-0.419472,0.249978;-0.240106,0.132227;-0.0591288,0.00556404;
Epsilon:0.538497,-0.784492;0.312851,-0.822545;0.0584721,-0.774373;-0.180215,-0.6672;-0.390728,-0.51202;-0.565685,-0.321553;-0.602736,-0.0731101;-0.426523,0.106558;-0.173747,0.168097;0.0868351,0.174013;0.0100716,0.0734293;-0.249114,0.0852627;-0.479301,0.197806;-0.488728,0.41478;-0.24612,0.500199;0.0137713,0.529015;0.277379,0.534932;0.533775,0.492918;0.77519,0.404752;1,0.286431;
Alpha:0.663946,-0.954111;0.587551,-0.713031;0.478377,-0.468613;0.335198,-0.243657;0.155326,-0.0447857;-0.0592452,0.11633;-0.29533,0.241628;-0.548191,0.326916;-0.809065,0.377046;-0.991075,0.286621;-0.82101,0.0869811;-0.609224,-0.0662365;-0.37085,-0.185423;-0.11713,-0.261366;0.0599097,-0.158657;0.143076,0.0823833;0.287269,0.2992;0.523803,0.404212;0.782995,0.365063;0.983152,0.193672;
Beta:-0.615736,1;-0.665038,0.746842;-0.726796,0.482065;-0.790642,0.216326;-0.796104,-0.0591719;-0.694619,-0.308272;-0.515316,-0.514491;-0.284596,-0.659433;-0.0257285,-0.745305;0.246191,-0.793159;0.523769,-0.804468;0.72529,-0.740579;0.514461,-0.573918;0.30955,-0.396989;0.242126,-0.142333;0.35131,0.093554;0.468917,0.306867;0.286387,0.452855;0.0582803,0.562636;-0.211456,0.58586;
Gamma:-0.62446,-0.570112;-0.458062,-0.330869;-0.251371,-0.109608;-0.0205527,0.0886078;0.21772,0.277868;0.414358,0.505129;0.260411,0.682835;-0.0398458,0.647028;-0.331588,0.563384;-0.606512,0.433857;-0.855528,0.262367;-0.840831,0.0042868;-0.582633,-0.153637;-0.303935,-0.275088;-0.0304534,-0.408187;0.176843,-0.513271;0.278648,-0.242664;0.528794,-0.0893298;0.818277,-0.115021;1,-0.34429;
Delta:0.939379,-0.939412;0.666533,-0.989902;0.380553,-1;0.0951586,-0.979804;-0.170647,-0.88425;-0.343068,-0.670555;-0.338287,-0.394655;-0.197753,-0.150036;-0.00705399,0.0630711;0.210066,0.249897;0.426611,0.436148;0.507858,0.635878;0.226061,0.656074;-0.062462,0.645976;-0.348018,0.623305;-0.623247,0.57529;-0.561076,0.369181;-0.310845,0.244778;-0.0443781,0.151173;0.151734,0.00980101;
Epsilon:0.841337,-0.992227;0.57164,-0.992227;0.323831,-0.896704;0.0951687,-0.751295;-0.127678,-0.598404;-0.342506,-0.437986;-0.384893,-0.21306;-0.143927,-0.10129;0.120603,-0.0517114;0.384107,-0.00507427;0.343525,0.0493357;0.0738283,0.0648814;-0.190109,0.115919;-0.435863,0.222789;-0.557777,0.442089;-0.407085,0.650854;-0.180983,0.799228;0.0690128,0.896577;0.337448,0.919896;0.600378,0.873259;
